beautiful: [-1.0386001 -1.4686295]
boy: [ 0.18677877 -0.44842303]
can: [-1.0784291 -0.15388  ]
children: [0.8508457 0.7698326]
daughter: [-1.7850095 -1.0435789]
family: [-0.34848958  0.99174273]
future: [0.08774219 1.1335622 ]
king: [1.094147   0.29793963]
man: [-0.17515694 -0.48804238]
now: [-1.2367762  -0.86785394]
only: [ 1.0263544 -1.214883 ]
prince: [-0.4820493 -0.7532876]
princess: [-0.05358648 -0.8291295 ]
queen: [0.3989485  0.13152154]
realm: [0.61744297 0.9799534 ]
royal: [0.15114197 1.2646551 ]
rule: [-0.5483743  0.7549788]
son: [1.1873275 1.2922436]
strong: [0.89701027 0.5273206 ]
their: [-0.9378274  1.6232058]
woman: [-0.7213451  -0.88868296]
